{
 "cells": [
  {
   "cell_type": "code",
   "execution_count": 9,
   "id": "0682284e",
   "metadata": {},
   "outputs": [
    {
     "name": "stdout",
     "output_type": "stream",
     "text": [
      "[[1, 2, 3, 4, 5, 6, 7, 8, 9], [2, 4, 6, 8, 10, 12, 14, 16, 18], [3, 6, 9, 12, 15, 18, 21, 24, 27], [4, 8, 12, 16, 20, 24, 28, 32, 36], [5, 10, 15, 20, 25, 30, 35, 40, 45], [6, 12, 18, 24, 30, 36, 42, 48, 54], [7, 14, 21, 28, 35, 42, 49, 56, 63], [8, 16, 24, 32, 40, 48, 56, 64, 72], [9, 18, 27, 36, 45, 54, 63, 72, 81]]\n"
     ]
    }
   ],
   "source": [
    "#@title 九九のリストを作成する\n",
    "list = [[i * j for j in range(1, 10)] for i in range(1, 10)]\n",
    "print(list)"
   ]
  },
  {
   "cell_type": "code",
   "execution_count": 11,
   "id": "56207761",
   "metadata": {},
   "outputs": [
    {
     "name": "stdout",
     "output_type": "stream",
     "text": [
      "  1  2  3  4  5  6  7  8  9\n",
      "  2  4  6  8 10 12 14 16 18\n",
      "  3  6  9 12 15 18 21 24 27\n",
      "  4  8 12 16 20 24 28 32 36\n",
      "  5 10 15 20 25 30 35 40 45\n",
      "  6 12 18 24 30 36 42 48 54\n",
      "  7 14 21 28 35 42 49 56 63\n",
      "  8 16 24 32 40 48 56 64 72\n",
      "  9 18 27 36 45 54 63 72 81\n"
     ]
    }
   ],
   "source": [
    "#@title 九九の表を表示する\n",
    "for v in list:\n",
    "    for h in v:\n",
    "        print(f\"{(h):3d}\", end=\"\")\n",
    "\n",
    "    print(\"\")"
   ]
  }
 ],
 "metadata": {
  "kernelspec": {
   "display_name": ".venv",
   "language": "python",
   "name": "python3"
  },
  "language_info": {
   "codemirror_mode": {
    "name": "ipython",
    "version": 3
   },
   "file_extension": ".py",
   "mimetype": "text/x-python",
   "name": "python",
   "nbconvert_exporter": "python",
   "pygments_lexer": "ipython3",
   "version": "3.12.10"
  }
 },
 "nbformat": 4,
 "nbformat_minor": 5
}
